Aa..

„pepilla“ 001111. 55, 12, 61, 161, 64, 65, 66, 81 , ,111111111
earm. 56, 6, ,,010110110011163, 56, ,111111111 00111159, 1,
,101111011 earm. 61, 22, ,10111011 carm. 61, 53, ,,11011111111
earm. 61, 88, ,,111001110111111100111. 61, 177, ,,001011011001111.
63, 66, ,64, 283, ,,111111110111111100111. 64, 163, 681, 145,
,,00101111101111 carm. 64, 319, ,,1101111111011 carm. 66, 16,
,11011011 carm. 67, 21, ,1111111111 00111167, 39, ,0011101111111
earm. 68, 2, ,000111011 001111. 68, 36, ,011110111111 00111.
84, 5, ,1101111011 001111. 29, 13, 94, 1, 165, 1, 115, 1, 8,
,110110111111 earm. 99, 2, 14, ,01110111111 eamn. 99, 8,
,,111011101100111. 105, 2.

Non tam multa sunt exempla deminutivorum adieetivi:
,,1011111100111. 3, 14, 15, 8, 16, 22, 9, 24, 7, 8, 43, 2, 6,
69, 8, 78, 3, 4, 81, 2, 166, 1,,,111110111111001111.3, 16,
35, 14, 46, 1 , 45, 21 , 86, 7, ,0110011111 0011112, 12, 61, 163,
,11111111111 earm. 3,'18; „integellus“ 001111. 15, 4, ,1110111-
01111111 001111. 16, 4, ,1111111111 carm. 17, 13, ,10101111111
earm. 17, 15, ,11111111 carm. 25, 2, ,1101110011111 earm.
25, 16, ,1101111111 earm. 27, 1, ,01111111 earm. 29, 8,
,11111011111 earm. 41, 3, ,1001001111 00111155, 17, „erudi-
tulus“ earm. 57, 7, ,10111111111 00111161, 189, ,0011111111
earm. 61, 212, ,,1011111111001111. 63, 35, ,,11111111111001111.
64, 131, ,0111111111 earm. 64, 316, ,,101131111111110011164, ’
331, ,001111111111001111 65, 6, 1,11111111100111. 66, 63,
ρ,0111011111111001111. 69, 4, ,0111111111111001111 99, 6, quibus
,011001101111111,1011011001111 12, 2.

Quod denique 01 verbi 10111111111001111101, unum 00110
apud Catullum reperiri potest: 001111. 25, ll ‚,eonseribilla1·e“;
10110110 etiam „pipilare“ carm. 3, 16 01 ,,111110101101111.
36, 8 deminutiva 1101 10111111, 00110 111 vis deminutionis
inest. De verbo „pipilo“ conferatur Β11111011111.1) Porro
10110111,,00111011111110101111011. ap. Non. 82, 3010,1) „ustulare
Vitruv. 011101. Priap. 61, 7.

1) 1111101111. Vol. 11, pag. 294 (a).
⁷) cf. Antonius Muretus, fol. pag. 68,

 

